savedNNs = [
    [[8, 4, 3, 5], [
        [0.1770274244925391, 0.04113310274579973, 0.44097545224483714, -0.4459827094629376, 0.7721571417301989, -1.0,
         0.7369841399936912, -1.0, 0.5032923710364658, 0.009286683683420005, 0.7351775301861736, -0.6450603279631161,
         -0.17104180537815467, 0.4962852310365572, -0.21407992057429318, -0.4005692994626197, -0.6616928497627195,
         -0.37595249983734635, -1.0, 0.6874600654953775, -0.9348009582862379, -0.27118980928592207, 1.0,
         0.4498051837263501,
         0.010268685802201138, 0.7190068174448234, -0.3039121240893375, 0.8733255411098331, -0.19046161794925975,
         -0.056939084932128015, -0.17329136765132014, -0.43916631075431906],
        [0.5094196449801702, 0.02992811337338691, -0.25949844254358717, -0.7065141913345698, -0.5927007717793507,
         -0.2580820493944287, -0.34608037598829433, 0.1854095580204159, 0.385209481002239, 0.6992748461084206,
         0.7387093801308006, -0.6054773703288485],
        [0.19003692381439974, -0.8266698144419822, 0.2972847151381608, -0.49968839815007265, 0.9796480035479527,
         0.15300035659825897, 0.10436106842290854, 1.0, -1.0, -0.30131758259168273, -0.9299834356139876,
         -0.3845260653284183, -1.0, -0.05541405746609224, 0.16078190969427783]],
     [[0.20064516398285998, -0.6045637292219196, 0.5340765135304271, -0.3908762000052075],
      [-0.5754033334753901, -0.3747035056891201, 0.9044013651756369],
      [1.0, -0.6923014535967948, 0.6965681638511813, -0.4154152298437719, -0.4666639192993354]]],


    [[8, 4, 3, 5], [[0.0005809988712158209, -0.5801454413129593, 0.06538069513825007, -0.6175074515703853, -0.5890129951844483, 0.9928949862455101, -0.3391649886362366, 0.8009972058783437, 0.617800809733061, -0.5695935774984608, 0.07092325636133112, -0.21009333795560953, 0.4622516603969364, -0.8192063140120307, -0.34794099062591455, 0.5005026024825261, -0.6308901783342848, 0.1677489405536022, 0.18381284335699188, -0.8983124661124953, 0.7954307700901178, -0.6021360325399696, -0.9798030476937984, 0.14084791426679888, 0.7972232118845497, 0.15453754921668916, 0.2185902109174429, -0.2737422890268868, 0.5064167218772893, 0.37266078101602007, -0.23474160089336682, -0.07732384190297065], [-0.9021643572987648, 0.7213730887705945, -0.3959292294166279, -0.6967222978194507, -0.5991517875410026, 0.5918710302429506, -0.26283286726799515, 0.07765292664593593, 0.29302684297901377, -0.6312766065677065, -0.9237961454144061, 0.903560512693059], [0.48622735234878706, 0.08451156596542031, -0.11187472242581947, -1.0, 0.5837127370258479, 0.3460515692752326, -0.9586405275558099, 0.9015768325796816, -0.7084823964332561, -0.5529985385808862, -0.013147270269828759, 0.784717008970525, -0.04317649553471298, 0.9185801658765271, 0.7004697722405124]], [[-0.2613202438618092, -1.0, 0.9194843118794043, -0.9086928056297245], [0.21272777000334608, -0.2638553470346725, 0.2686174341325232], [-0.12769410016489857, 0.019860431540983325, -0.5038957613318269, 0.8911112098581289, -1.0]]]
    ,
    [[8, 4, 3, 5], [[0.0005809988712158209, -0.6226001311877833, 0.009216704280982035, -0.6175074515703853, -0.6831554904283463, 0.9928949862455101, -0.3391649886362366, 0.5190849706956376, 0.6512963124848455, -0.7220166145350515, -0.07307976567741162, 0.021580411108155673, 0.4622516603969364, -1.0, -0.34794099062591455, 0.5005026024825261, -0.6308901783342848, 0.1677489405536022, 0.18381284335699188, -0.8983124661124953, 0.7954307700901178, -0.8017714806128324, -0.9798030476937984, -0.15158209495493846, 0.7972232118845497, 0.2928846216619225, 0.2185902109174429, -0.2737422890268868, 0.7871135622210166, 0.3427032090815016, -0.23474160089336682, -0.13314685483491395], [-0.9021643572987648, 0.7213730887705945, -0.3959292294166279, -0.6967222978194507, -0.5991517875410026, 0.5918710302429506, -0.26283286726799515, -0.20531733529010915, 0.29302684297901377, -0.4852361002871975, -0.9237961454144061, 0.903560512693059], [0.48622735234878706, 0.08451156596542031, -0.11187472242581947, -0.9747316520481726, 0.5837127370258479, 0.3460515692752326, -0.9586405275558099, 1.0, -0.7084823964332561, -0.2337306682667098, -0.013147270269828759, 0.6128054333653367, -0.04317649553471298, 0.9185801658765271, 0.7004697722405124]], [[-0.2613202438618092, -1.0, 0.879102527388113, -0.9086928056297245], [0.21272777000334608, -0.2638553470346725, 0.2686174341325232], [-0.12769410016489857, 0.019860431540983325, -0.5038957613318269, 0.8911112098581289, -1.0]]]
    ,[[8, 4, 3, 5], [[0.0005809988712158209, -0.4554574919795403, 0.009216704280982035, -0.37756071034885547, -0.48200312031276843, 0.6616709006272475, -0.3391649886362366, 0.7902901985159829, 0.5594754119671543, -0.5856071741689697, 0.09227419696536435, 0.021580411108155673, 0.4622516603969364, -1.0, -0.34794099062591455, 0.5005026024825261, -0.412273980263371, 0.1677489405536022, 0.18381284335699188, -0.5961239133863374, 0.9731157713862226, -0.8017714806128324, -0.9798030476937984, 0.08854282098041127, 0.7972232118845497, 0.5440376563702529, 0.05445982423234347, -0.5697048606001949, 0.7518536812104764, 0.3427032090815016, -0.23474160089336682, 0.1430724287891793], [-0.9021643572987648, 0.7213730887705945, -0.3959292294166279, -0.6967222978194507, -0.8067658157799616, 0.5918710302429506, 0.06771601133148358, 0.013647273982510422, 0.29302684297901377, -0.4852361002871975, -0.9237961454144061, 0.903560512693059], [0.48622735234878706, 0.08940147664529619, -0.04403394509353287, -0.7639402652259064, 0.5837127370258479, 0.27911385112572007, -0.9435033296835349, 0.9979609615969989, -0.7084823964332561, -0.014810880957357164, 0.22069491845850714, 0.5911695560161757, -0.04317649553471298, 0.7003291389429324, 0.7004697722405124]], [[-0.5082121110835454, -1.0, 0.879102527388113, -0.9086928056297245], [0.17932871727803806, -0.2638553470346725, 0.5276573180901157], [-0.12769410016489857, 0.019860431540983325, -0.5038957613318269, 1.0, -1.0]]]

]
NNcolors = [
    [[255, 0, 0], "red"],           # Red
    [[0, 255, 0], "green"],         # Green
    [[0, 0, 255], "blue"],          # Blue
    [[255, 255, 0], "yellow"],      # Yellow
    [[0, 255, 255], "cyan"],        # Cyan
    [[255, 0, 255], "magenta"],     # Magenta
    [[192, 192, 192], "silver"],    # Silver
    [[128, 0, 0], "maroon"],        # Maroon
    [[128, 128, 0], "olive"],       # Olive
    [[0, 128, 0], "dark green"],    # Dark Green
    [[128, 0, 128], "purple"],      # Purple
    [[0, 128, 128], "teal"],        # Teal
    [[0, 0, 128], "navy"],          # Navy
    [[255, 165, 0], "orange"],      # Orange
    [[255, 105, 180], "hot pink"],  # Hot Pink
    [[75, 0, 130], "indigo"],       # Indigo
    [[255, 192, 203], "pink"],      # Pink
    [[210, 180, 140], "tan"],       # Tan
    [[255, 215, 0], "gold"],        # Gold
    [[0, 255, 127], "light green"]  # light Green
]


tracks = [[[(98, 146), (112, 140), (170, 131), (240, 114), (308, 100), (362, 87), (420, 88), (481, 122), (513, 163),
          (571, 190), (650, 209), (701, 215), (753, 218), (814, 201), (899, 170), (979, 134), (1123, 121), (1166, 116),
          (1211, 140), (1246, 176), (1260, 239), (1261, 357), (1254, 447), (1262, 564), (1281, 655), (1271, 687),
          (1233, 745), (1173, 780), (1131, 786), (1061, 785), (994, 779), (916, 759), (842, 715), (788, 682),
          (736, 659), (674, 639), (593, 647), (522, 682), (473, 701), (417, 718), (347, 740), (259, 745), (160, 717),
          (80, 601), (72, 582), (50, 510), (51, 447), (51, 383), (50, 326), (50, 256), (72, 155), (98, 146)],
         [(247, 648), (294, 656), (361, 656), (437, 635), (491, 605), (527, 583), (613, 550), (673, 543), (777, 556),
          (847, 597), (906, 639), (1015, 688), (1136, 675), (1171, 630), (1176, 565), (1159, 506), (1158, 443),
          (1152, 328), (1151, 251), (1105, 200), (1044, 190), (974, 225), (899, 267), (878, 273), (833, 292),
          (783, 313), (716, 331), (661, 337), (610, 311), (547, 286), (484, 267), (459, 249), (446, 218), (416, 195),
          (381, 179), (309, 158), (276, 168), (232, 192), (185, 206), (160, 241), (160, 287), (148, 328), (130, 372),
          (117, 427), (128, 495), (154, 539), (181, 571), (225, 616), (247, 648)], (729, 611),
         [[(761, 546), (743, 712)], [(776, 542), (771, 702)], [(822, 548), (813, 725)], [(897, 607), (836, 766)],
          [(938, 635), (877, 762)], [(1000, 657), (898, 776)], [(1023, 672), (949, 785)], [(1037, 672), (1007, 799)],
          [(1079, 659), (1049, 799)], [(1102, 669), (1102, 794)], [(1131, 648), (1120, 792)],
          [(1155, 663), (1184, 786)], [(1135, 627), (1260, 743)], [(1144, 616), (1290, 666)],
          [(1152, 584), (1278, 619)], [(1163, 570), (1274, 565)], [(1161, 550), (1263, 540)],
          [(1180, 526), (1290, 492)], [(1158, 485), (1295, 460)], [(1130, 420), (1294, 414)],
          [(1120, 367), (1261, 379)], [(1133, 305), (1277, 288)], [(1142, 271), (1274, 245)],
          [(1125, 245), (1267, 128)], [(1115, 230), (1212, 132)], [(1102, 222), (1168, 114)],
          [(1078, 213), (1110, 109)], [(1075, 216), (1060, 115)], [(1037, 241), (1030, 113)], [(1012, 240), (988, 131)],
          [(975, 245), (934, 163)], [(962, 265), (858, 151)], [(908, 328), (803, 154)], [(817, 327), (763, 184)],
          [(777, 358), (733, 170)], [(708, 372), (698, 202)], [(661, 353), (681, 176)], [(613, 357), (669, 177)],
          [(548, 329), (632, 160)], [(493, 302), (625, 119)], [(452, 255), (604, 128)], [(436, 235), (577, 139)],
          [(405, 223), (528, 140)], [(419, 216), (500, 117)], [(402, 209), (466, 101)], [(380, 207), (463, 94)],
          [(357, 195), (424, 97)], [(347, 201), (357, 64)], [(323, 184), (326, 84)], [(305, 189), (284, 101)],
          [(283, 202), (258, 112)], [(258, 222), (206, 88)], [(226, 199), (181, 101)], [(208, 255), (145, 108)],
          [(208, 242), (90, 118)], [(182, 228), (60, 170)], [(181, 261), (41, 205)], [(188, 280), (42, 243)],
          [(149, 302), (24, 269)], [(153, 339), (46, 322)], [(169, 388), (36, 374)], [(133, 406), (48, 410)],
          [(135, 439), (31, 456)], [(176, 463), (44, 494)], [(143, 489), (49, 555)], [(149, 521), (20, 591)],
          [(192, 520), (88, 632)], [(220, 553), (115, 692)], [(235, 593), (165, 721)], [(308, 598), (231, 761)],
          [(345, 654), (345, 753)], [(367, 609), (449, 778)], [(480, 579), (507, 741)], [(534, 552), (565, 704)],
          [(583, 492), (620, 717)], [(647, 519), (599, 735)], [(690, 534), (689, 672)]]]


]

